g 0 - 0 0 0 0 0 0 0 0 1 - set 300 170 270
g 0 - 1 0 0 0 0 0 0 0 0 - rotate - 3 0 0 0 0 0 0 0 0 - r 1200 0

for 50 every 0 0 0 0 0 1 0 0 0 g 0 - 1 0 0 0 0 0 0 0 0 - bullet_shoot - r 0 0 lb {
line 32 r 0 0.4 -0.0001 - 2;
a 4 0 0 0 0 0 0 0 0 - line 32 r 0 0 0 - 8;
a 4 2 0 0 0 0 0 0 0 - line 32 p 0 0.8 0 - 8
}
for 50 every 0 0 0 0 0 1 0 0 0 g 0 - 1 0 0 0 0 0 0 0 0 - bullet_shoot - r 0 0 lb {
line 32 r 180 0.4 -0.0001 - 2;
a 4 0 0 0 0 0 0 0 0 - line 32 r 0 0 0 - 8;
a 4 2 0 0 0 0 0 0 0 - line 32 p 0 0.8 0 - 8
}
g 0 - 4 0 0 0 0 0 0 0 0 - rotate - 4 1 0 0 0 0 0 0 0 - r 120 1


for 6 every 0 4 0 0 0 0 0 0 0 g 0 - 5 0 0 0 0 0 0 0 0 - bullet_shoot - r 0 0 lb {
line 32 s 0 0.6 0 - 2;
r 0 3 0 0 0 0 0 0 0 - line 34 p 0 0 0 - 8;
r 0 4 0 0 0 0 0 0 0 - line 36 p 10 0.6 0 - 2;
r 0 7 0 0 0 0 0 0 0 - line 38 p 0 0 0 - 8;
r 0 8 0 0 0 0 0 0 0 - line 40 p -10 0.6 0 - 2;
r 0 11 0 0 0 0 0 0 0 - line 42 p 0 0 0 - 8;
r 0 12 0 0 0 0 0 0 0 - line 44 p 10 0.6 0 - 2;
r 0 15 0 0 0 0 0 0 0 - line 46 p 0 0 0 - 8;
r 0 16 0 0 0 0 0 0 0 - line 48 p -10 0.6 0 - 2;
r 0 19 0 0 0 0 0 0 0 - line 50 p 0 0 0 - 8;
r 0 20 0 0 0 0 0 0 0 - line 52 p 10 0.6 0 - 2;
r 0 23 0 0 0 0 0 0 0 - line 54 p 0 0 0 - 8;
r 0 24 0 0 0 0 0 0 0 - line 56 p -10 0.6 0 - 2;
r 0 27 0 0 0 0 0 0 0 - line 58 p 0 0 0 - 8;
r 0 28 0 0 0 0 0 0 0 - line 60 p 10 0.6 0 - 2;
r 0 31 0 0 0 0 0 0 0 - line 62 p 0 0 0 - 8;
r 0 32 0 0 0 0 0 0 0 - line 64 p 0 0.6 0 - 2
}

for 6 every 0 4 0 0 0 0 0 0 0 g 0 - 5 0 0 0 0 0 0 0 0 - bullet_shoot - r 60 0 lb {
line 32 s 0 0.6 0 - 2;
r 0 3 0 0 0 0 0 0 0 - line 34 p 0 0 0 - 8;
r 0 4 0 0 0 0 0 0 0 - line 36 p -12 0.6 0 - 2;
r 0 7 0 0 0 0 0 0 0 - line 38 p 0 0 0 - 8;
r 0 8 0 0 0 0 0 0 0 - line 40 p 12 0.6 0 - 2;
r 0 11 0 0 0 0 0 0 0 - line 42 p 0 0 0 - 8;
r 0 12 0 0 0 0 0 0 0 - line 44 p -12 0.6 0 - 2;
r 0 15 0 0 0 0 0 0 0 - line 46 p 0 0 0 - 8;
r 0 16 0 0 0 0 0 0 0 - line 48 p 12 0.6 0 - 2;
r 0 19 0 0 0 0 0 0 0 - line 50 p 0 0 0 - 8;
r 0 20 0 0 0 0 0 0 0 - line 52 p -12 0.6 0 - 2;
r 0 23 0 0 0 0 0 0 0 - line 54 p 0 0 0 - 8;
r 0 24 0 0 0 0 0 0 0 - line 56 p 12 0.6 0 - 2;
r 0 27 0 0 0 0 0 0 0 - line 58 p 0 0 0 - 8;
r 0 28 0 0 0 0 0 0 0 - line 60 p -12 0.6 0 - 2;
r 0 31 0 0 0 0 0 0 0 - line 62 p 0 0 0 - 8;
r 0 32 0 0 0 0 0 0 0 - line 64 p 0 0.6 0 - 2
}

for 6 every 0 4 0 0 0 0 0 0 0 g 0 - 5 0 0 0 0 0 0 0 0 - bullet_shoot - r 120 0 lb {
line 32 s 0 0.6 0 - 2;
r 0 3 0 0 0 0 0 0 0 - line 34 p 0 0 0 - 8;
r 0 4 0 0 0 0 0 0 0 - line 36 p 14 0.6 0 - 2;
r 0 7 0 0 0 0 0 0 0 - line 38 p 0 0 0 - 8;
r 0 8 0 0 0 0 0 0 0 - line 40 p -14 0.6 0 - 2;
r 0 11 0 0 0 0 0 0 0 - line 42 p 0 0 0 - 8;
r 0 12 0 0 0 0 0 0 0 - line 44 p 14 0.6 0 - 2;
r 0 15 0 0 0 0 0 0 0 - line 46 p 0 0 0 - 8;
r 0 16 0 0 0 0 0 0 0 - line 48 p -14 0.6 0 - 2;
r 0 19 0 0 0 0 0 0 0 - line 50 p 0 0 0 - 8;
r 0 20 0 0 0 0 0 0 0 - line 52 p 14 0.6 0 - 2;
r 0 23 0 0 0 0 0 0 0 - line 54 p 0 0 0 - 8;
r 0 24 0 0 0 0 0 0 0 - line 56 p -14 0.6 0 - 2;
r 0 27 0 0 0 0 0 0 0 - line 58 p 0 0 0 - 8;
r 0 28 0 0 0 0 0 0 0 - line 60 p 14 0.6 0 - 2;
r 0 31 0 0 0 0 0 0 0 - line 62 p 0 0 0 - 8;
r 0 32 0 0 0 0 0 0 0 - line 64 p 0 0.6 0 - 2
}

for 6 every 0 4 0 0 0 0 0 0 0 g 0 - 5 0 0 0 0 0 0 0 0 - bullet_shoot - r 180 0 lb {
line 32 s 0 0.6 0 - 2;
r 0 3 0 0 0 0 0 0 0 - line 34 p 0 0 0 - 8;
r 0 4 0 0 0 0 0 0 0 - line 36 p -16 0.6 0 - 2;
r 0 7 0 0 0 0 0 0 0 - line 38 p 0 0 0 - 8;
r 0 8 0 0 0 0 0 0 0 - line 40 p 16 0.6 0 - 2;
r 0 11 0 0 0 0 0 0 0 - line 42 p 0 0 0 - 8;
r 0 12 0 0 0 0 0 0 0 - line 44 p -16 0.6 0 - 2;
r 0 15 0 0 0 0 0 0 0 - line 46 p 0 0 0 - 8;
r 0 16 0 0 0 0 0 0 0 - line 48 p 16 0.6 0 - 2;
r 0 19 0 0 0 0 0 0 0 - line 50 p 0 0 0 - 8;
r 0 20 0 0 0 0 0 0 0 - line 52 p -16 0.6 0 - 2;
r 0 23 0 0 0 0 0 0 0 - line 54 p 0 0 0 - 8;
r 0 24 0 0 0 0 0 0 0 - line 56 p 16 0.6 0 - 2;
r 0 27 0 0 0 0 0 0 0 - line 58 p 0 0 0 - 8;
r 0 28 0 0 0 0 0 0 0 - line 60 p -16 0.6 0 - 2;
r 0 31 0 0 0 0 0 0 0 - line 62 p 0 0 0 - 8;
r 0 32 0 0 0 0 0 0 0 - line 64 p 0 0.6 0 - 2
}

for 6 every 0 4 0 0 0 0 0 0 0 g 0 - 5 0 0 0 0 0 0 0 0 - bullet_shoot - r -60 0 lb {
line 32 s 0 0.6 0 - 2;
r 0 3 0 0 0 0 0 0 0 - line 34 p 0 0 0 - 8;
r 0 4 0 0 0 0 0 0 0 - line 36 p -12 0.6 0 - 2;
r 0 7 0 0 0 0 0 0 0 - line 38 p 0 0 0 - 8;
r 0 8 0 0 0 0 0 0 0 - line 40 p 12 0.6 0 - 2;
r 0 11 0 0 0 0 0 0 0 - line 42 p 0 0 0 - 8;
r 0 12 0 0 0 0 0 0 0 - line 44 p -12 0.6 0 - 2;
r 0 15 0 0 0 0 0 0 0 - line 46 p 0 0 0 - 8;
r 0 16 0 0 0 0 0 0 0 - line 48 p 12 0.6 0 - 2;
r 0 19 0 0 0 0 0 0 0 - line 50 p 0 0 0 - 8;
r 0 20 0 0 0 0 0 0 0 - line 52 p -12 0.6 0 - 2;
r 0 23 0 0 0 0 0 0 0 - line 54 p 0 0 0 - 8;
r 0 24 0 0 0 0 0 0 0 - line 56 p 12 0.6 0 - 2;
r 0 27 0 0 0 0 0 0 0 - line 58 p 0 0 0 - 8;
r 0 28 0 0 0 0 0 0 0 - line 60 p -12 0.6 0 - 2;
r 0 31 0 0 0 0 0 0 0 - line 62 p 0 0 0 - 8;
r 0 32 0 0 0 0 0 0 0 - line 64 p 0 0.6 0 - 2
}

for 6 every 0 4 0 0 0 0 0 0 0 g 0 - 5 0 0 0 0 0 0 0 0 - bullet_shoot - r -120 0 lb {
line 32 s 0 0.6 0 - 2;
r 0 3 0 0 0 0 0 0 0 - line 34 p 0 0 0 - 8;
r 0 4 0 0 0 0 0 0 0 - line 36 p 14 0.6 0 - 2;
r 0 7 0 0 0 0 0 0 0 - line 38 p 0 0 0 - 8;
r 0 8 0 0 0 0 0 0 0 - line 40 p -14 0.6 0 - 2;
r 0 11 0 0 0 0 0 0 0 - line 42 p 0 0 0 - 8;
r 0 12 0 0 0 0 0 0 0 - line 44 p 14 0.6 0 - 2;
r 0 15 0 0 0 0 0 0 0 - line 46 p 0 0 0 - 8;
r 0 16 0 0 0 0 0 0 0 - line 48 p -14 0.6 0 - 2;
r 0 19 0 0 0 0 0 0 0 - line 50 p 0 0 0 - 8;
r 0 20 0 0 0 0 0 0 0 - line 52 p 14 0.6 0 - 2;
r 0 23 0 0 0 0 0 0 0 - line 54 p 0 0 0 - 8;
r 0 24 0 0 0 0 0 0 0 - line 56 p -14 0.6 0 - 2;
r 0 27 0 0 0 0 0 0 0 - line 58 p 0 0 0 - 8;
r 0 28 0 0 0 0 0 0 0 - line 60 p 14 0.6 0 - 2;
r 0 31 0 0 0 0 0 0 0 - line 62 p 0 0 0 - 8;
r 0 32 0 0 0 0 0 0 0 - line 64 p 0 0.6 0 - 2
}

for 6 every 0 4 0 0 0 0 0 0 0 g 0 - 5 0 0 0 0 0 0 0 0 - bullet_shoot - r -180 0 lb {
line 32 s 0 0.6 0 - 2;
r 0 3 0 0 0 0 0 0 0 - line 34 p 0 0 0 - 8;
r 0 4 0 0 0 0 0 0 0 - line 36 p -16 0.6 0 - 2;
r 0 7 0 0 0 0 0 0 0 - line 38 p 0 0 0 - 8;
r 0 8 0 0 0 0 0 0 0 - line 40 p 16 0.6 0 - 2;
r 0 11 0 0 0 0 0 0 0 - line 42 p 0 0 0 - 8;
r 0 12 0 0 0 0 0 0 0 - line 44 p -16 0.6 0 - 2;
r 0 15 0 0 0 0 0 0 0 - line 46 p 0 0 0 - 8;
r 0 16 0 0 0 0 0 0 0 - line 48 p 16 0.6 0 - 2;
r 0 19 0 0 0 0 0 0 0 - line 50 p 0 0 0 - 8;
r 0 20 0 0 0 0 0 0 0 - line 52 p -16 0.6 0 - 2;
r 0 23 0 0 0 0 0 0 0 - line 54 p 0 0 0 - 8;
r 0 24 0 0 0 0 0 0 0 - line 56 p 16 0.6 0 - 2;
r 0 27 0 0 0 0 0 0 0 - line 58 p 0 0 0 - 8;
r 0 28 0 0 0 0 0 0 0 - line 60 p -16 0.6 0 - 2;
r 0 31 0 0 0 0 0 0 0 - line 62 p 0 0 0 - 8;
r 0 32 0 0 0 0 0 0 0 - line 64 p 0 0.6 0 - 2
}

for 80 every 0 0 0 1 0 0 0 0 0 g 0 - 13 0 0 0 0 0 0 0 0 - bullet_shoot - r 0 0 lb {
line 32 r 135 0.6 0 - 4;
r 0 2 0 0 0 0 0 0 0 - line 32 r -90 0.6 0 - 4;
r 0 4 0 0 0 0 0 0 0 - line 32 r -90 0.6 0 - 4;
r 0 8 0 0 0 0 0 0 0 - line 32 r 135 0.6 0 - 2;
r 0 10 0 0 0 0 0 0 0 - line 32 p 0 0.6 0 - 2
}

for 80 every 0 0 0 1 0 0 0 0 0 g 0 - 13 0 0 0 0 0 0 0 0 - bullet_shoot - r 0 0 lb {
line 32 r -135 0.6 0 - 6;
r 0 2 0 0 0 0 0 0 0 - line 32 r 90 0.6 0 - 6;
r 0 4 0 0 0 0 0 0 0 - line 32 r 90 0.6 0 - 6;
r 0 8 0 0 0 0 0 0 0 - line 32 r -135 0.6 0 - 2;
r 0 10 0 0 0 0 0 0 0 - line 32 p 0 0.6 0 - 2}

g 0 - 20 0 0 0 0 0 0 0 0 - move - 21 0 0 0 0 0 0 0 0 - r 0 -300

g 0 - 21 0 1 0 0 0 0 0 0 - bullet_shoot - a 100 100 lb {
line 64 r 0 0 0 - 2;
a 27 0 0 0 0 0 0 0 0 - line 64 a 0 0.2 0 - 2;
a 27 2 0 0 0 0 0 0 0 - line 64 a 90 0.2 0 - 2;
a 27 4 0 0 0 0 0 0 0 - line 64 a 180 0.2 0 - 2;
a 27 8 0 0 0 0 0 0 0 - line 64 a 270 0.2 0 - 2;
a 27 12 0 0 0 0 0 0 0 - line 64 a 90 0.2 0 - 2;
a 27 14 0 0 0 0 0 0 0 - line 64 a 0 0.2 0 - 2;
a 27 16 0 0 0 0 0 0 0 - line 64 a 0 0 0 - 8;
a 27 18 0 0 0 0 0 0 0 - line 64 p 0 0.2 0 - 8
}

g 0 - 21 0 2 0 0 0 0 0 0 - bullet_shoot - a 200 100 lb {
line 64 r 0 0 0 - 2;
a 27 0 0 0 0 0 0 0 0 - line 64 a 0 0.2 0 - 2;
a 27 2 0 0 0 0 0 0 0 - line 64 a 90 0.2 0 - 2;
a 27 4 0 0 0 0 0 0 0 - line 64 a 180 0.2 0 - 2;
a 27 8 0 0 0 0 0 0 0 - line 64 a 270 0.2 0 - 2;
a 27 12 0 0 0 0 0 0 0 - line 64 a 90 0.2 0 - 2;
a 27 14 0 0 0 0 0 0 0 - line 64 a 0 0.2 0 - 2;
a 27 16 0 0 0 0 0 0 0 - line 64 a 0 0 0 - 8;
a 27 18 0 0 0 0 0 0 0 - line 64 p 0 0.2 0 - 8
}

g 0 - 21 0 3 0 0 0 0 0 0 - bullet_shoot - a 300 100 lb {
line 64 r 0 0 0 - 2;
a 27 0 0 0 0 0 0 0 0 - line 64 a 0 0.2 0 - 2;
a 27 2 0 0 0 0 0 0 0 - line 64 a 90 0.2 0 - 2;
a 27 4 0 0 0 0 0 0 0 - line 64 a 180 0.2 0 - 2;
a 27 8 0 0 0 0 0 0 0 - line 64 a 270 0.2 0 - 2;
a 27 12 0 0 0 0 0 0 0 - line 64 a 90 0.2 0 - 2;
a 27 14 0 0 0 0 0 0 0 - line 64 a 0 0.2 0 - 2;
a 27 16 0 0 0 0 0 0 0 - line 64 a 0 0 0 - 8;
a 27 18 0 0 0 0 0 0 0 - line 64 p 0 0.2 0 - 8
}

g 0 - 21 0 4 0 0 0 0 0 0 - bullet_shoot - a 400 100 lb {
line 64 r 0 0 0 - 2;
a 27 0 0 0 0 0 0 0 0 - line 64 a 0 0.2 0 - 2;
a 27 2 0 0 0 0 0 0 0 - line 64 a 90 0.2 0 - 2;
a 27 4 0 0 0 0 0 0 0 - line 64 a 180 0.2 0 - 2;
a 27 8 0 0 0 0 0 0 0 - line 64 a 270 0.2 0 - 2;
a 27 12 0 0 0 0 0 0 0 - line 64 a 90 0.2 0 - 2;
a 27 14 0 0 0 0 0 0 0 - line 64 a 0 0.2 0 - 2;
a 27 16 0 0 0 0 0 0 0 - line 64 a 0 0 0 - 8;
a 27 18 0 0 0 0 0 0 0 - line 64 p 0 0.2 0 - 8
}

g 0 - 21 0 5 0 0 0 0 0 0 - bullet_shoot - a 500 100 lb {
line 64 r 0 0 0 - 2;
a 27 0 0 0 0 0 0 0 0 - line 64 a 0 0.2 0 - 2;
a 27 2 0 0 0 0 0 0 0 - line 64 a 90 0.2 0 - 2;
a 27 4 0 0 0 0 0 0 0 - line 64 a 180 0.2 0 - 2;
a 27 8 0 0 0 0 0 0 0 - line 64 a 270 0.2 0 - 2;
a 27 12 0 0 0 0 0 0 0 - line 64 a 90 0.2 0 - 2;
a 27 14 0 0 0 0 0 0 0 - line 64 a 0 0.2 0 - 2;
a 27 16 0 0 0 0 0 0 0 - line 64 a 0 0 0 - 8;
a 27 18 0 0 0 0 0 0 0 - line 64 p 0 0.2 0 - 8
}

g 0 - 21 0 6 0 0 0 0 0 0 - bullet_shoot - a 100 200 lb {
line 64 r 0 0 0 - 2;
a 27 0 0 0 0 0 0 0 0 - line 64 a 0 0.2 0 - 2;
a 27 2 0 0 0 0 0 0 0 - line 64 a 90 0.2 0 - 2;
a 27 4 0 0 0 0 0 0 0 - line 64 a 180 0.2 0 - 2;
a 27 8 0 0 0 0 0 0 0 - line 64 a 270 0.2 0 - 2;
a 27 12 0 0 0 0 0 0 0 - line 64 a 90 0.2 0 - 2;
a 27 14 0 0 0 0 0 0 0 - line 64 a 0 0.2 0 - 2;
a 27 16 0 0 0 0 0 0 0 - line 64 a 0 0 0 - 8;
a 27 18 0 0 0 0 0 0 0 - line 64 p 0 0.2 0 - 8
}

g 0 - 21 0 7 0 0 0 0 0 0 - bullet_shoot - a 200 200 lb {
line 64 r 0 0 0 - 2;
a 27 0 0 0 0 0 0 0 0 - line 64 a 0 0.2 0 - 2;
a 27 2 0 0 0 0 0 0 0 - line 64 a 90 0.2 0 - 2;
a 27 4 0 0 0 0 0 0 0 - line 64 a 180 0.2 0 - 2;
a 27 8 0 0 0 0 0 0 0 - line 64 a 270 0.2 0 - 2;
a 27 12 0 0 0 0 0 0 0 - line 64 a 90 0.2 0 - 2;
a 27 14 0 0 0 0 0 0 0 - line 64 a 0 0.2 0 - 2;
a 27 16 0 0 0 0 0 0 0 - line 64 a 0 0 0 - 8;
a 27 18 0 0 0 0 0 0 0 - line 64 p 0 0.2 0 - 8
}

g 0 - 21 0 8 0 0 0 0 0 0 - bullet_shoot - a 300 200 lb {
line 64 r 0 0 0 - 2;
a 27 0 0 0 0 0 0 0 0 - line 64 a 0 0.2 0 - 2;
a 27 2 0 0 0 0 0 0 0 - line 64 a 90 0.2 0 - 2;
a 27 4 0 0 0 0 0 0 0 - line 64 a 180 0.2 0 - 2;
a 27 8 0 0 0 0 0 0 0 - line 64 a 270 0.2 0 - 2;
a 27 12 0 0 0 0 0 0 0 - line 64 a 90 0.2 0 - 2;
a 27 14 0 0 0 0 0 0 0 - line 64 a 0 0.2 0 - 2;
a 27 16 0 0 0 0 0 0 0 - line 64 a 0 0 0 - 8;
a 27 18 0 0 0 0 0 0 0 - line 64 p 0 0.2 0 - 8
}

g 0 - 21 0 9 0 0 0 0 0 0 - bullet_shoot - a 400 200 lb {
line 64 r 0 0 0 - 2;
a 27 0 0 0 0 0 0 0 0 - line 64 a 0 0.2 0 - 2;
a 27 2 0 0 0 0 0 0 0 - line 64 a 90 0.2 0 - 2;
a 27 4 0 0 0 0 0 0 0 - line 64 a 180 0.2 0 - 2;
a 27 8 0 0 0 0 0 0 0 - line 64 a 270 0.2 0 - 2;
a 27 12 0 0 0 0 0 0 0 - line 64 a 90 0.2 0 - 2;
a 27 14 0 0 0 0 0 0 0 - line 64 a 0 0.2 0 - 2;
a 27 16 0 0 0 0 0 0 0 - line 64 a 0 0 0 - 8;
a 27 18 0 0 0 0 0 0 0 - line 64 p 0 0.2 0 - 8
}

g 0 - 21 0 10 0 0 0 0 0 0 - bullet_shoot - a 500 200 lb {
line 64 r 0 0 0 - 2;
a 27 0 0 0 0 0 0 0 0 - line 64 a 0 0.2 0 - 2;
a 27 2 0 0 0 0 0 0 0 - line 64 a 90 0.2 0 - 2;
a 27 4 0 0 0 0 0 0 0 - line 64 a 180 0.2 0 - 2;
a 27 8 0 0 0 0 0 0 0 - line 64 a 270 0.2 0 - 2;
a 27 12 0 0 0 0 0 0 0 - line 64 a 90 0.2 0 - 2;
a 27 14 0 0 0 0 0 0 0 - line 64 a 0 0.2 0 - 2;
a 27 16 0 0 0 0 0 0 0 - line 64 a 0 0 0 - 8;
a 27 18 0 0 0 0 0 0 0 - line 64 p 0 0.2 0 - 8
}

g 0 - 21 0 11 0 0 0 0 0 0 - bullet_shoot - a 100 300 lb {
line 64 r 0 0 0 - 2;
a 27 0 0 0 0 0 0 0 0 - line 64 a 0 0.2 0 - 2;
a 27 2 0 0 0 0 0 0 0 - line 64 a 90 0.2 0 - 2;
a 27 4 0 0 0 0 0 0 0 - line 64 a 180 0.2 0 - 2;
a 27 8 0 0 0 0 0 0 0 - line 64 a 270 0.2 0 - 2;
a 27 12 0 0 0 0 0 0 0 - line 64 a 90 0.2 0 - 2;
a 27 14 0 0 0 0 0 0 0 - line 64 a 0 0.2 0 - 2;
a 27 16 0 0 0 0 0 0 0 - line 64 a 0 0 0 - 8;
a 27 18 0 0 0 0 0 0 0 - line 64 p 0 0.2 0 - 8
}

g 0 - 21 0 12 0 0 0 0 0 0 - bullet_shoot - a 200 300 lb {
line 64 r 0 0 0 - 2;
a 27 0 0 0 0 0 0 0 0 - line 64 a 0 0.2 0 - 2;
a 27 2 0 0 0 0 0 0 0 - line 64 a 90 0.2 0 - 2;
a 27 4 0 0 0 0 0 0 0 - line 64 a 180 0.2 0 - 2;
a 27 8 0 0 0 0 0 0 0 - line 64 a 270 0.2 0 - 2;
a 27 12 0 0 0 0 0 0 0 - line 64 a 90 0.2 0 - 2;
a 27 14 0 0 0 0 0 0 0 - line 64 a 0 0.2 0 - 2;
a 27 16 0 0 0 0 0 0 0 - line 64 a 0 0 0 - 8;
a 27 18 0 0 0 0 0 0 0 - line 64 p 0 0.2 0 - 8
}

g 0 - 21 0 13 0 0 0 0 0 0 - bullet_shoot - a 300 300 lb {
line 64 r 0 0 0 - 2;
a 27 0 0 0 0 0 0 0 0 - line 64 a 0 0.2 0 - 2;
a 27 2 0 0 0 0 0 0 0 - line 64 a 90 0.2 0 - 2;
a 27 4 0 0 0 0 0 0 0 - line 64 a 180 0.2 0 - 2;
a 27 8 0 0 0 0 0 0 0 - line 64 a 270 0.2 0 - 2;
a 27 12 0 0 0 0 0 0 0 - line 64 a 90 0.2 0 - 2;
a 27 14 0 0 0 0 0 0 0 - line 64 a 0 0.2 0 - 2;
a 27 16 0 0 0 0 0 0 0 - line 64 a 0 0 0 - 8;
a 27 18 0 0 0 0 0 0 0 - line 64 p 0 0.2 0 - 8
}

g 0 - 21 0 14 0 0 0 0 0 0 - bullet_shoot - a 400 300 lb {
line 64 r 0 0 0 - 2;
a 27 0 0 0 0 0 0 0 0 - line 64 a 0 0.2 0 - 2;
a 27 2 0 0 0 0 0 0 0 - line 64 a 90 0.2 0 - 2;
a 27 4 0 0 0 0 0 0 0 - line 64 a 180 0.2 0 - 2;
a 27 8 0 0 0 0 0 0 0 - line 64 a 270 0.2 0 - 2;
a 27 12 0 0 0 0 0 0 0 - line 64 a 90 0.2 0 - 2;
a 27 14 0 0 0 0 0 0 0 - line 64 a 0 0.2 0 - 2;
a 27 16 0 0 0 0 0 0 0 - line 64 a 0 0 0 - 8;
a 27 18 0 0 0 0 0 0 0 - line 64 p 0 0.2 0 - 8
}

g 0 - 21 0 15 0 0 0 0 0 0 - bullet_shoot - a 500 300 lb {
line 64 r 0 0 0 - 2;
a 27 0 0 0 0 0 0 0 0 - line 64 a 0 0.2 0 - 2;
a 27 2 0 0 0 0 0 0 0 - line 64 a 90 0.2 0 - 2;
a 27 4 0 0 0 0 0 0 0 - line 64 a 180 0.2 0 - 2;
a 27 8 0 0 0 0 0 0 0 - line 64 a 270 0.2 0 - 2;
a 27 12 0 0 0 0 0 0 0 - line 64 a 90 0.2 0 - 2;
a 27 14 0 0 0 0 0 0 0 - line 64 a 0 0.2 0 - 2;
a 27 16 0 0 0 0 0 0 0 - line 64 a 0 0 0 - 8;
a 27 18 0 0 0 0 0 0 0 - line 64 p 0 0.2 0 - 8
}

g 0 - 21 0 16 0 0 0 0 0 0 - bullet_shoot - a 100 400 lb {
line 64 r 0 0 0 - 2;
a 27 0 0 0 0 0 0 0 0 - line 64 a 0 0.2 0 - 2;
a 27 2 0 0 0 0 0 0 0 - line 64 a 90 0.2 0 - 2;
a 27 4 0 0 0 0 0 0 0 - line 64 a 180 0.2 0 - 2;
a 27 8 0 0 0 0 0 0 0 - line 64 a 270 0.2 0 - 2;
a 27 12 0 0 0 0 0 0 0 - line 64 a 90 0.2 0 - 2;
a 27 14 0 0 0 0 0 0 0 - line 64 a 0 0.2 0 - 2;
a 27 16 0 0 0 0 0 0 0 - line 64 a 0 0 0 - 8;
a 27 18 0 0 0 0 0 0 0 - line 64 p 0 0.2 0 - 8
}

g 0 - 21 0 17 0 0 0 0 0 0 - bullet_shoot - a 200 400 lb {
line 64 r 0 0 0 - 2;
a 27 0 0 0 0 0 0 0 0 - line 64 a 0 0.2 0 - 2;
a 27 2 0 0 0 0 0 0 0 - line 64 a 90 0.2 0 - 2;
a 27 4 0 0 0 0 0 0 0 - line 64 a 180 0.2 0 - 2;
a 27 8 0 0 0 0 0 0 0 - line 64 a 270 0.2 0 - 2;
a 27 12 0 0 0 0 0 0 0 - line 64 a 90 0.2 0 - 2;
a 27 14 0 0 0 0 0 0 0 - line 64 a 0 0.2 0 - 2;
a 27 16 0 0 0 0 0 0 0 - line 64 a 0 0 0 - 8;
a 27 18 0 0 0 0 0 0 0 - line 64 p 0 0.2 0 - 8
}

g 0 - 21 0 18 0 0 0 0 0 0 - bullet_shoot - a 300 400 lb {
line 64 r 0 0 0 - 2;
a 27 0 0 0 0 0 0 0 0 - line 64 a 0 0.2 0 - 2;
a 27 2 0 0 0 0 0 0 0 - line 64 a 90 0.2 0 - 2;
a 27 4 0 0 0 0 0 0 0 - line 64 a 180 0.2 0 - 2;
a 27 8 0 0 0 0 0 0 0 - line 64 a 270 0.2 0 - 2;
a 27 12 0 0 0 0 0 0 0 - line 64 a 90 0.2 0 - 2;
a 27 14 0 0 0 0 0 0 0 - line 64 a 0 0.2 0 - 2;
a 27 16 0 0 0 0 0 0 0 - line 64 a 0 0 0 - 8;
a 27 18 0 0 0 0 0 0 0 - line 64 p 0 0.2 0 - 8
}

g 0 - 21 0 19 0 0 0 0 0 0 - bullet_shoot - a 400 400 lb {
line 64 r 0 0 0 - 2;
a 27 0 0 0 0 0 0 0 0 - line 64 a 0 0.2 0 - 2;
a 27 2 0 0 0 0 0 0 0 - line 64 a 90 0.2 0 - 2;
a 27 4 0 0 0 0 0 0 0 - line 64 a 180 0.2 0 - 2;
a 27 8 0 0 0 0 0 0 0 - line 64 a 270 0.2 0 - 2;
a 27 12 0 0 0 0 0 0 0 - line 64 a 90 0.2 0 - 2;
a 27 14 0 0 0 0 0 0 0 - line 64 a 0 0.2 0 - 2;
a 27 16 0 0 0 0 0 0 0 - line 64 a 0 0 0 - 8;
a 27 18 0 0 0 0 0 0 0 - line 64 p 0 0.2 0 - 8
}

g 0 - 21 0 20 0 0 0 0 0 0 - bullet_shoot - a 500 400 lb {
line 64 r 0 0 0 - 2;
a 27 0 0 0 0 0 0 0 0 - line 64 a 0 0.2 0 - 2;
a 27 2 0 0 0 0 0 0 0 - line 64 a 90 0.2 0 - 2;
a 27 4 0 0 0 0 0 0 0 - line 64 a 180 0.2 0 - 2;
a 27 8 0 0 0 0 0 0 0 - line 64 a 270 0.2 0 - 2;
a 27 12 0 0 0 0 0 0 0 - line 64 a 90 0.2 0 - 2;
a 27 14 0 0 0 0 0 0 0 - line 64 a 0 0.2 0 - 2;
a 27 16 0 0 0 0 0 0 0 - line 64 a 0 0 0 - 8;
a 27 18 0 0 0 0 0 0 0 - line 64 p 0 0.2 0 - 8
}

g 0 - 21 0 21 0 0 0 0 0 0 - bullet_shoot - a 100 500 lb {
line 64 r 0 0 0 - 2;
a 27 0 0 0 0 0 0 0 0 - line 64 a 0 0.2 0 - 2;
a 27 2 0 0 0 0 0 0 0 - line 64 a 90 0.2 0 - 2;
a 27 4 0 0 0 0 0 0 0 - line 64 a 180 0.2 0 - 2;
a 27 8 0 0 0 0 0 0 0 - line 64 a 270 0.2 0 - 2;
a 27 12 0 0 0 0 0 0 0 - line 64 a 90 0.2 0 - 2;
a 27 14 0 0 0 0 0 0 0 - line 64 a 0 0.2 0 - 2;
a 27 16 0 0 0 0 0 0 0 - line 64 a 0 0 0 - 8;
a 27 18 0 0 0 0 0 0 0 - line 64 p 0 0.2 0 - 8
}

g 0 - 21 0 22 0 0 0 0 0 0 - bullet_shoot - a 200 500 lb {
line 64 r 0 0 0 - 2;
a 27 0 0 0 0 0 0 0 0 - line 64 a 0 0.2 0 - 2;
a 27 2 0 0 0 0 0 0 0 - line 64 a 90 0.2 0 - 2;
a 27 4 0 0 0 0 0 0 0 - line 64 a 180 0.2 0 - 2;
a 27 8 0 0 0 0 0 0 0 - line 64 a 270 0.2 0 - 2;
a 27 12 0 0 0 0 0 0 0 - line 64 a 90 0.2 0 - 2;
a 27 14 0 0 0 0 0 0 0 - line 64 a 0 0.2 0 - 2;
a 27 16 0 0 0 0 0 0 0 - line 64 a 0 0 0 - 8;
a 27 18 0 0 0 0 0 0 0 - line 64 p 0 0.2 0 - 8
}

g 0 - 21 0 23 0 0 0 0 0 0 - bullet_shoot - a 300 500 lb {
line 64 r 0 0 0 - 2;
a 27 0 0 0 0 0 0 0 0 - line 64 a 0 0.2 0 - 2;
a 27 2 0 0 0 0 0 0 0 - line 64 a 90 0.2 0 - 2;
a 27 4 0 0 0 0 0 0 0 - line 64 a 180 0.2 0 - 2;
a 27 8 0 0 0 0 0 0 0 - line 64 a 270 0.2 0 - 2;
a 27 12 0 0 0 0 0 0 0 - line 64 a 90 0.2 0 - 2;
a 27 14 0 0 0 0 0 0 0 - line 64 a 0 0.2 0 - 2;
a 27 16 0 0 0 0 0 0 0 - line 64 a 0 0 0 - 8;
a 27 18 0 0 0 0 0 0 0 - line 64 p 0 0.2 0 - 8
}

g 0 - 21 0 24 0 0 0 0 0 0 - bullet_shoot - a 400 500 lb {
line 64 r 0 0 0 - 2;
a 27 0 0 0 0 0 0 0 0 - line 64 a 0 0.2 0 - 2;
a 27 2 0 0 0 0 0 0 0 - line 64 a 90 0.2 0 - 2;
a 27 4 0 0 0 0 0 0 0 - line 64 a 180 0.2 0 - 2;
a 27 8 0 0 0 0 0 0 0 - line 64 a 270 0.2 0 - 2;
a 27 12 0 0 0 0 0 0 0 - line 64 a 90 0.2 0 - 2;
a 27 14 0 0 0 0 0 0 0 - line 64 a 0 0.2 0 - 2;
a 27 16 0 0 0 0 0 0 0 - line 64 a 0 0 0 - 8;
a 27 18 0 0 0 0 0 0 0 - line 64 p 0 0.2 0 - 8
}

g 0 - 21 0 25 0 0 0 0 0 0 - bullet_shoot - a 500 500 lb {
line 64 r 0 0 0 - 2;
a 27 0 0 0 0 0 0 0 0 - line 64 a 0 0.2 0 - 2;
a 27 2 0 0 0 0 0 0 0 - line 64 a 90 0.2 0 - 2;
a 27 4 0 0 0 0 0 0 0 - line 64 a 180 0.2 0 - 2;
a 27 8 0 0 0 0 0 0 0 - line 64 a 270 0.2 0 - 2;
a 27 12 0 0 0 0 0 0 0 - line 64 a 90 0.2 0 - 2;
a 27 14 0 0 0 0 0 0 0 - line 64 a 0 0.2 0 - 2;
a 27 16 0 0 0 0 0 0 0 - line 64 a 0 0 0 - 8;
a 27 18 0 0 0 0 0 0 0 - line 64 p 0 0.2 0 - 8
}


end